1 1100
1 1220
1 1315
1 1320
1 920
1 1020
1 1123
1 1230
1 1510
1 1206
1 1340
1 1219
1 923
1 1427
1 1130
1 1540
1 1340
1 1204
1 1420
1 1411
2 1100
2 1220
2 1315
2 1320
2 920
2 1020
2 1123
2 1230
2 1510
2 1206
2 1340
2 1219
2 923
2 1427
2 1130
2 1540
2 1340
2 1204
2 1420
2 1411
3 1100
3 1220
3 1315
3 1320
3 920
3 1020
3 1123
3 1230
3 1510
3 1206
3 1340
3 1219
3 923
3 1427
3 1130
3 1540
3 1340
3 1204
3 1420
3 1411
4 1100
4 1220
4 1315
4 1320
4 920
4 1020
4 1123
4 1230
4 1510
4 1206
4 1340
4 1219
4 923
4 1427
4 1130
4 1540
4 1340
4 1204
4 1420
4 1411
5 1100
5 1220
5 1315
5 1320
5 920
5 1020
5 1123
5 1230
5 1510
5 1206
5 1340
5 1219
5 923
5 1427
5 1130
5 1540
5 1340
5 1204
5 1420
5 1411
6 1100
6 1220
6 1315
6 1320
6 920
6 1020
6 1123
6 1230
6 1510
6 1206
6 1340
6 1219
6 923
6 1427
6 1130
6 1540
6 1340
6 1204
6 1420
6 1411
7 1100
7 1220
7 1315
7 1320
7 920
7 1020
7 1123
7 1230
7 1510
7 1206
7 1340
7 1219
7 923
7 1427
7 1130
7 1540
7 1340
7 1204
7 1420
7 1411
8 1100
8 1220
8 1315
8 1320
8 920
8 1020
8 1123
8 1230
8 1510
8 1206
8 1340
8 1219
8 923
8 1427
8 1130
8 1540
8 1340
8 1204
8 1420
8 1411
9 1100
9 1220
9 1315
9 1320
9 920
9 1020
9 1123
9 1230
9 1510
9 1206
9 1340
9 1219
9 923
9 1427
9 1130
9 1540
9 1340
9 1204
9 1420
9 1411
10 1100
10 1220
10 1315
10 1320
10 920
10 1020
10 1123
10 1230
10 1510
10 1206
10 1340
10 1219
10 923
10 1427
10 1130
10 1540
10 1340
10 1204
10 1420
10 1411
11 1100
11 1220
11 1315
11 1320
11 920
11 1020
11 1123
11 1230
11 1510
11 1206
11 1340
11 1219
11 923
11 1427
11 1130
11 1540
11 1340
11 1204
11 1420
11 1411
12 1100
12 1220
12 1315
12 1320
12 920
12 1020
12 1123
12 1230
12 1510
12 1206
12 1340
12 1219
12 923
12 1427
12 1130
12 1540
12 1340
12 1204
12 1420
12 1411
13 1100
13 1220
13 1315
13 1320
13 920
13 1020
13 1123
13 1230
13 1510
13 1146
13 1340
13 1219
13 923
13 1427
13 1130
13 1540
13 1340
13 1204
13 1420
13 1411
14 1100
14 1220
14 1315
14 1320
14 920
14 1020
14 1123
14 1230
14 1510
14 1206
14 1340
14 1219
14 923
14 1427
14 1130
14 1540
14 1340
14 1204
14 1420
14 1411
14 1100
14 1220
14 1315
14 1320
14 920
14 1020
14 1123
14 1230
14 1510
14 1206
14 1340
14 1219
14 923
14 1427
14 1130
14 1540
14 1340
14 1204
14 1420
14 1411
15 1100
15 1220
15 1315
15 1320
15 920
15 1020
15 1123
15 1230
15 1510
15 1206
15 1340
15 1219
15 923
15 1427
15 1130
15 1540
15 1340
15 1204
15 1420
15 1411
16 1100
16 1220
16 1315
16 1320
16 920
16 1020
16 1123
16 1230
16 1510
16 1206
16 1340
16 1219
16 923
16 1427
16 1130
16 1540
16 1340
16 1204
16 1420
16 1411
17 1100
17 1220
17 1315
17 1320
17 920
17 1020
17 1123
17 1230
17 1510
17 1206
17 1340
17 1219
17 923
17 1427
17 1130
17 1540
17 1340
17 1204
17 1420
17 1411
18 1100
18 1220
18 1315
18 1320
18 920
18 1020
18 1123
18 1230
18 1510
18 1206
18 1340
18 1219
18 923
18 1427
18 1130
18 1540
18 1340
18 1204
18 1420
18 1411